5.34 0
3.10 1
7.50 1
8.56 1
6.03 0
3.51 0
8.25 1
3.98 0
4.54 0
5.85 1
5.90 0
6.17 0
5.83 0
6.67 1
4.41 0
7.63 1
4.85 0
5.32 1
5.48 0
4.22 0
6.80 0
6.38 1
4.35 0
3.32 0
4.94 0
4.02 0
7.78 1
9.00 0
6.38 1
5.28 0
4.06 1
7.74 0
6.07 1
5.44 0
5.73 1
6.44 1
5.81 0
5.74 1
5.14 0
6.35 0
7.76 0
8.26 0
5.19 0
3.75 0
6.07 0
4.89 1
3.58 1
2.92 0
4.34 1
8.56 1
5.65 1
3.26 1
9.10 1
3.87 1
3.49 0
7.24 0
5.78 0
8.88 1
5.30 0
5.96 1
4.07 0
6.58 1
2.76 1
9.27 0
7.27 0
3.26 1
5.68 0
4.80 1
5.67 1
5.74 1
5.00 0
5.75 0
4.85 0
6.51 0
7.38 1
3.94 0
5.92 0
5.70 1
7.56 0
4.72 1
2.66 1
3.64 0
5.50 1
3.14 1
4.41 1
6.46 1
6.75 0
2.99 1
4.98 0
5.95 1
9.02 1
5.89 1
5.01 1
4.52 0
4.94 0
3.42 0
5.58 0
7.66 1
6.29 0
4.28 1
9.02 0
3.27 1
5.72 0
5.88 1
7.30 1
4.82 0
6.40 0
9.35 1
6.69 0
7.15 0
5.47 0
6.47 0
4.28 0
2.90 0
7.84 1
4.00 0
6.52 0
5.12 1
5.60 0
4.75 0
6.93 1
3.55 0
2.70 1
6.84 0
9.19 0
3.21 0
3.08 0
6.28 1
5.18 0
4.39 1
11.08 1
3.46 1
2.80 1
5.05 0
4.36 0
8.55 0
8.01 1
2.65 1
3.29 1
6.04 0
4.25 1
2.96 1
4.55 1
7.17 1
5.14 0
3.39 0
3.75 0
4.67 1
3.92 1
5.58 1
9.28 1
4.94 1
5.17 0
3.20 1
3.07 0
7.76 1
4.59 0
6.58 0
5.80 1
7.27 0
2.88 0
5.45 0
6.20 0
6.20 1
5.56 1
2.72 0
5.89 1
4.87 1
2.91 1
3.70 1
3.67 1
6.77 0
7.18 0
5.38 1
5.26 1
2.95 1
2.83 0
7.44 1
6.29 1
3.99 0
4.63 1
4.09 1
5.67 0
8.96 1
4.39 1
5.39 1
7.22 0
6.11 1
5.41 0
7.24 1
3.15 1
6.30 0
4.22 0
4.74 0
5.08 1
6.49 0
6.99 1
7.69 0
4.58 1
3.63 1
6.37 1
6.41 0
7.17 0
5.67 1
6.74 1
7.23 1
4.64 1
3.70 1
5.29 1
7.42 1
5.23 1
7.10 0
5.14 0
2.83 1
6.44 1
5.48 0
2.78 0
4.05 0
6.03 1
5.43 0
4.97 1
4.56 0
6.39 0
7.56 1
5.80 1
3.35 1
6.87 1
7.72 1
5.96 0
8.33 0
7.96 1
8.34 0
6.41 0
7.10 0
4.11 1
6.25 0
9.62 1
5.53 0
4.70 1
9.70 1
4.82 0
5.41 0
6.00 0
5.48 1
3.74 0
6.89 1
5.11 0
3.48 0
4.56 1
3.13 0
7.13 0
5.90 0
6.23 1
3.22 1
7.11 0
4.10 1
5.82 0
9.35 1
4.71 1
6.63 1
6.02 0
4.27 0
7.60 1
5.32 1
6.36 0
6.42 1
5.62 1
6.86 1
10.60 0
6.97 1
4.78 0
4.76 1
7.26 0
6.02 1
5.29 1
6.10 1
4.68 1
5.90 0
6.01 1
5.89 0
4.36 1
4.25 1
6.12 1
3.28 1
4.43 0
3.98 0
5.02 0
2.93 0
2.82 0
6.59 0
7.04 0
4.74 0
2.64 0
4.86 0
3.88 1
5.84 1
2.85 0
4.13 1
4.81 0
8.12 1
2.75 0
4.90 1
6.69 1
5.19 1
6.19 0
3.92 1
6.33 1
4.54 0
4.16 1
8.04 1
6.32 1
3.36 0
6.18 1
2.95 0
3.44 1
8.28 0
7.33 0
2.97 0
5.15 0
4.24 0
4.90 1
5.74 1
3.07 0
4.04 0
7.43 0
5.75 1
6.97 1
7.63 1
5.38 0
4.68 1
6.84 0
7.89 1
7.92 1
7.59 0
5.45 1
7.63 0
6.59 0
4.74 1
2.74 0
5.21 0
3.62 0
7.94 0
6.68 0
4.19 0
6.46 1
3.50 0
7.48 0
6.57 1
2.79 1
5.23 0
3.91 0
3.42 1
3.75 1
6.15 0
7.23 0
4.91 0
4.74 0
7.45 0
7.15 0
9.94 0
4.64 0
3.39 1
7.90 0
3.10 1
7.39 0
3.30 0
6.23 1
6.55 0
4.84 1
7.28 0
5.07 0
3.15 1
5.28 1
5.24 1
4.02 1
5.77 0
2.74 1
3.08 0
8.97 0
3.40 0
5.46 0
3.29 0
4.87 0
4.11 1
4.94 0
4.48 0
4.44 1
3.57 1
3.61 1
5.31 0
3.78 0
2.91 0
5.83 1
3.72 1
5.26 1
3.05 1
8.04 1
8.60 0
4.59 0
6.31 1
6.47 1
5.61 0
7.25 1
5.44 0
10.35 1
3.34 0
2.94 1
6.71 1
6.27 0
2.65 1
6.45 1
9.08 0
2.58 0
4.17 0
3.33 0
5.87 1
2.73 1
6.76 0
4.85 1
3.78 0
4.59 1
6.51 0
6.08 0
5.58 0
3.96 0
6.94 0
6.78 0
3.29 1
2.80 0
9.01 0
7.02 0
5.37 1
6.51 0
5.27 0
6.89 0
2.86 0
3.60 1
3.78 0
6.27 1
